849090
950417
572270
085442
095481
034414
708501
751634
119999
882550
436115
572393
888762
465099
317903
673268
314605
946421
572474
592190
202680
220024
020549
488007
930932
016602
767136
619248
428705
829964
492615
873380
070540
033440
684407
305663
731858
903619
493330
240335
905932
050119
499971
083692
960967
391421
817210
636639
397651
639864
434125
530897
191413
698803
688257
590231
624998
455384
091849
577809
727056
620859
993383
384144
190734
981556
395207
568714
613735
480572
643140
521809
858476
638182
231580
056571
723844
332729
294688
191860
838728
214399
134860
171170
843394
286644
408726
482825
733456
866566
394659
350187
714624
349701
876733
072957
615454
334732
072395
217255
